local PLANE_WAYPOINTS = {
    -- WP1 (original name: WP39)
    { name = "WP1", cframe = CFrame.new(3733.310059, 380.461670, -484.842773, 0.980957, -0.017011, 0.193480, 0.017528, 0.999846, -0.000963, -0.193434, 0.004335, 0.981104) },
    -- WP2 (original name: WP38)
    { name = "WP2", cframe = CFrame.new(3788.585693, 381.453430, -495.782318, 0.980764, -0.017099, 0.194449, 0.017627, 0.999844, -0.000984, -0.194402, 0.004392, 0.980912) },
    -- WP3 (original name: WP40)
    { name = "WP3", cframe = CFrame.new(3675.788086, 379.435577, -473.517578, 0.981155, -0.016918, 0.192478, 0.017426, 0.999848, -0.000945, -0.192433, 0.004281, 0.981301) },
    -- WP4 (original name: WP37)
    { name = "WP4", cframe = CFrame.new(3842.448975, 382.425751, -506.501251, 0.980557, -0.017225, 0.195478, 0.017733, 0.999842, -0.000849, -0.195432, 0.004299, 0.980708) },
    -- WP5 (original name: WP41)
    { name = "WP5", cframe = CFrame.new(3618.066406, 378.412018, -462.212830, 0.981339, -0.016840, 0.191549, 0.017331, 0.999849, -0.000891, -0.191505, 0.004194, 0.981483) },
    -- WP6 (original name: WP36)
    { name = "WP6", cframe = CFrame.new(3894.813232, 383.376373, -516.972900, 0.980374, -0.017315, 0.196386, 0.017827, 0.999841, -0.000838, -0.196340, 0.004323, 0.980526) },
    -- WP7 (original name: WP42)
    { name = "WP7", cframe = CFrame.new(3559.451660, 377.378387, -450.790649, 0.981516, -0.016764, 0.190645, 0.017240, 0.999851, -0.000841, -0.190603, 0.004112, 0.981659) },
    -- WP8 (original name: WP35)
    { name = "WP8", cframe = CFrame.new(3946.667236, 384.323669, -527.400696, 0.980165, -0.017418, 0.197415, 0.017933, 0.999839, -0.000820, -0.197369, 0.004344, 0.980320) },
    -- WP9 (original name: WP43)
    { name = "WP9", cframe = CFrame.new(3499.323486, 376.323883, -439.131622, 0.981684, -0.016703, 0.189781, 0.017153, 0.999853, -0.000733, -0.189741, 0.003975, 0.981826) },
    -- WP10 (original name: WP34)
    { name = "WP10", cframe = CFrame.new(3996.965088, 385.248047, -537.568054, 0.979964, -0.017492, 0.198406, 0.018035, 0.999837, -0.000933, -0.198357, 0.004493, 0.980120) },
    -- WP11 (original name: WP44)
    { name = "WP11", cframe = CFrame.new(3437.446777, 375.244415, -427.188721, 0.981852, -0.016604, 0.188918, 0.017067, 0.999854, -0.000822, -0.188877, 0.004031, 0.981992) },
    -- WP12 (original name: WP33)
    { name = "WP12", cframe = CFrame.new(4046.458740, 386.163422, -547.630005, 0.979745, -0.017603, 0.199472, 0.018146, 0.999835, -0.000896, -0.199423, 0.004498, 0.979903) },
    -- WP13 (original name: WP32)
    { name = "WP13", cframe = CFrame.new(4093.661133, 387.041656, -557.275635, 0.979546, -0.017693, 0.200442, 0.018247, 0.999833, -0.000916, -0.200392, 0.004554, 0.979705) },
    -- WP14 (original name: WP45)
    { name = "WP14", cframe = CFrame.new(3374.062744, 374.144379, -415.011841, 0.982011, -0.016500, 0.188100, 0.016985, 0.999855, -0.000967, -0.188057, 0.004144, 0.982149) },
    -- WP15 (original name: WP31)
    { name = "WP15", cframe = CFrame.new(4139.931641, 387.907898, -566.781860, 0.979332, -0.017769, 0.201476, 0.018354, 0.999831, -0.001039, -0.201424, 0.004715, 0.979493) },
    -- WP16 (original name: WP46)
    { name = "WP16", cframe = CFrame.new(3309.808350, 373.034729, -402.724976, 0.982163, -0.016432, 0.187313, 0.016908, 0.999857, -0.000940, -0.187271, 0.004091, 0.982300) },
    -- WP17 (original name: WP30)
    { name = "WP17", cframe = CFrame.new(4184.968262, 388.756042, -576.083252, 0.979126, -0.017854, 0.202469, 0.018458, 0.999829, -0.001093, -0.202414, 0.004807, 0.979288) },
    -- WP18 (original name: WP47)
    { name = "WP18", cframe = CFrame.new(3244.809570, 371.917511, -390.350098, 0.982300, -0.016380, 0.186598, 0.016838, 0.999858, -0.000871, -0.186557, 0.003998, 0.982436) },
    -- WP19 (original name: WP29)
    { name = "WP19", cframe = CFrame.new(4228.793945, 389.586487, -585.184570, 0.978912, -0.017963, 0.203493, 0.018565, 0.999827, -0.001049, -0.203439, 0.004805, 0.979076) },
    -- WP20 (original name: WP28)
    { name = "WP20", cframe = CFrame.new(4270.949219, 390.390015, -593.985291, 0.978701, -0.018087, 0.204490, 0.018670, 0.999825, -0.000920, -0.204438, 0.004718, 0.978868) },
    -- WP21 (original name: WP48)
    { name = "WP21", cframe = CFrame.new(3177.728027, 370.769501, -377.628143, 0.982439, -0.016288, 0.185873, 0.016768, 0.999859, -0.001008, -0.185830, 0.004107, 0.982573) },
    -- WP22 (original name: WP27)
    { name = "WP22", cframe = CFrame.new(4311.495605, 391.167389, -602.492859, 0.978493, -0.018196, 0.205476, 0.018773, 0.999824, -0.000858, -0.205424, 0.004697, 0.978662) },
    -- WP23 (original name: WP26)
    { name = "WP23", cframe = CFrame.new(4351.283203, 391.934601, -610.882751, 0.978286, -0.018296, 0.206452, 0.018876, 0.999822, -0.000839, -0.206400, 0.004718, 0.978456) },
    -- WP24 (original name: WP49)
    { name = "WP24", cframe = CFrame.new(3110.596924, 369.625336, -364.947906, 0.982569, -0.016244, 0.185190, 0.016703, 0.999860, -0.000918, -0.185149, 0.003995, 0.982702) },
    -- WP25 (original name: WP25)
    { name = "WP25", cframe = CFrame.new(4389.378418, 392.673340, -618.955688, 0.978082, -0.018392, 0.207406, 0.018976, 0.999820, -0.000824, -0.207354, 0.004742, 0.978254) },
    -- WP26 (original name: WP24)
    { name = "WP26", cframe = CFrame.new(4426.120117, 393.389832, -626.779175, 0.977883, -0.018474, 0.208338, 0.019074, 0.999818, -0.000869, -0.208284, 0.004823, 0.978057) },
    -- WP27 (original name: WP50)
    { name = "WP27", cframe = CFrame.new(3041.980713, 368.460419, -352.034790, 0.982682, -0.016204, 0.184592, 0.016647, 0.999861, -0.000847, -0.184552, 0.003905, 0.982815) },
    -- WP28 (original name: WP23)
    { name = "WP28", cframe = CFrame.new(4461.604004, 394.085571, -634.371582, 0.977682, -0.018575, 0.209269, 0.019172, 0.999816, -0.000823, -0.209215, 0.004817, 0.977858) },
    -- WP29 (original name: WP22)
    { name = "WP29", cframe = CFrame.new(4495.656250, 394.756653, -641.690063, 0.977495, -0.018659, 0.210133, 0.019263, 0.999814, -0.000830, -0.210079, 0.004859, 0.977672) },
    -- WP30 (original name: WP51)
    { name = "WP30", cframe = CFrame.new(2972.153564, 367.279053, -338.937653, 0.982786, -0.016165, 0.184037, 0.016595, 0.999862, -0.000798, -0.183999, 0.003838, 0.982919) },
    -- WP31 (original name: WP21)
    { name = "WP31", cframe = CFrame.new(4527.734375, 395.392120, -648.613647, 0.977306, -0.018693, 0.211005, 0.019355, 0.999812, -0.001071, -0.210946, 0.005131, 0.977484) },
    -- WP32 (original name: WP20)
    { name = "WP32", cframe = CFrame.new(4558.687500, 396.008545, -655.324341, 0.977113, -0.018735, 0.211893, 0.019448, 0.999810, -0.001282, -0.211829, 0.005374, 0.977292) },
    -- WP33 (original name: WP52)
    { name = "WP33", cframe = CFrame.new(2902.020996, 366.096161, -325.823120, 0.982886, -0.016138, 0.183508, 0.016548, 0.999863, -0.000705, -0.183471, 0.003729, 0.983018) },
    -- WP34 (original name: WP19)
    { name = "WP34", cframe = CFrame.new(4588.336914, 396.601593, -661.777649, 0.976935, -0.018759, 0.212711, 0.019534, 0.999808, -0.001542, -0.212642, 0.005662, 0.977114) },
    -- WP35 (original name: WP18)
    { name = "WP35", cframe = CFrame.new(4615.952148, 397.156494, -667.808716, 0.976768, -0.018713, 0.213480, 0.019614, 0.999806, -0.002104, -0.213399, 0.006242, 0.976945) },
    -- WP36 (original name: WP53)
    { name = "WP36", cframe = CFrame.new(2830.856201, 364.899109, -312.551819, 0.982971, -0.016100, 0.183055, 0.016509, 0.999864, -0.000709, -0.183019, 0.003719, 0.983102) },
    -- WP37 (original name: WP17)
    { name = "WP37", cframe = CFrame.new(4642.296387, 397.688171, -673.581909, 0.976602, -0.018610, 0.214247, 0.019694, 0.999802, -0.002925, -0.214150, 0.007076, 0.976775) },
    -- WP38 (original name: WP16)
    { name = "WP38", cframe = CFrame.new(4667.413086, 398.197266, -679.101807, 0.976433, -0.018395, 0.215035, 0.019774, 0.999795, -0.004266, -0.214912, 0.008417, 0.976597) },
    -- WP39 (original name: WP15)
    { name = "WP39", cframe = CFrame.new(4691.015625, 398.677368, -684.300049, 0.976288, -0.018072, 0.215718, 0.019843, 0.999785, -0.006047, -0.215562, 0.010184, 0.976437) },
    -- WP40 (original name: WP54)
    { name = "WP40", cframe = CFrame.new(2760.231934, 363.713928, -299.413269, 0.983042, -0.016071, 0.182674, 0.016477, 0.999864, -0.000705, -0.182638, 0.003703, 0.983173) },
    -- WP41 (original name: WP14)
    { name = "WP41", cframe = CFrame.new(4713.164062, 399.129547, -689.185486, 0.976144, -0.017557, 0.216412, 0.019912, 0.999764, -0.008707, -0.216208, 0.012808, 0.976263) },
    -- WP42 (original name: WP13)
    { name = "WP42", cframe = CFrame.new(4733.676270, 399.549377, -693.698425, 0.976018, -0.016514, 0.217064, 0.019972, 0.999706, -0.013746, -0.216773, 0.017752, 0.976061) },
    -- WP43 (original name: WP12)
    { name = "WP43", cframe = CFrame.new(4752.782227, 399.940155, -697.844788, 0.975890, -0.013946, 0.217818, 0.020032, 0.999467, -0.025757, -0.217343, 0.029499, 0.975650) },
    -- WP44 (original name: WP11)
    { name = "WP44", cframe = CFrame.new(4770.421387, 400.296234, -701.571655, 0.975772, -0.009022, 0.218605, 0.020088, 0.998624, -0.048448, -0.217867, 0.051666, 0.974610) },
    -- WP45 (original name: WP55)
    { name = "WP45", cframe = CFrame.new(2685.234131, 362.457733, -285.490479, 0.983108, -0.016047, 0.182324, 0.016450, 0.999864, -0.000698, -0.182288, 0.003685, 0.983238) },
    -- WP46 (original name: WP10)
    { name = "WP46", cframe = CFrame.new(4786.571777, 400.599945, -704.754089, 0.975662, 0.000987, 0.219275, 0.020138, 0.995361, -0.094085, -0.218351, 0.096211, 0.971116) },
    -- WP47 (original name: WP9)
    { name = "WP47", cframe = CFrame.new(4801.672852, 399.974548, -705.453491, 0.991313, 0.032597, 0.127418, -0.015153, 0.990655, -0.135548, -0.130646, 0.132440, 0.982543) },
    -- WP48 (original name: WP1)
    { name = "WP48", cframe = CFrame.new(4813.688965, 393.218842, -680.756653, -0.817809, -0.106710, -0.565509, -0.061885, 0.993267, -0.097932, 0.572152, -0.045094, -0.818907) },
    -- WP49 (original name: WP2)
    { name = "WP49", cframe = CFrame.new(4817.166504, 392.446625, -678.689270, -0.707942, -0.159227, -0.688087, -0.098270, 0.986986, -0.127288, 0.699400, -0.022494, -0.714376) },
    -- WP50 (original name: WP8)
    { name = "WP50", cframe = CFrame.new(4818.069824, 398.328644, -703.642639, 0.998198, 0.060001, 0.000656, -0.059186, 0.986323, -0.153831, -0.009877, 0.153515, 0.988097) },
    -- WP51 (original name: WP3)
    { name = "WP51", cframe = CFrame.new(4826.249512, 390.384766, -673.846985, -0.302727, -0.320680, -0.897508, -0.180908, 0.943909, -0.276239, 0.935750, 0.078742, -0.343760) },
    -- WP52 (original name: WP7)
    { name = "WP52", cframe = CFrame.new(4834.474609, 396.470764, -700.601257, 0.993638, 0.065072, -0.091916, -0.084130, 0.971475, -0.221717, 0.074866, 0.228039, 0.970769) },
    -- WP53 (original name: WP4)
    { name = "WP53", cframe = CFrame.new(4847.413574, 389.232880, -676.452087, 0.606028, -0.279430, -0.744747, -0.212527, 0.845350, -0.490118, 0.766526, 0.455304, 0.452920) },
    -- WP54 (original name: WP6)
    { name = "WP54", cframe = CFrame.new(4846.765137, 394.331726, -695.528137, 0.977309, 0.039605, -0.208085, -0.109608, 0.935175, -0.336799, 0.181257, 0.351964, 0.918296) },
    -- WP55 (original name: WP5)
    { name = "WP55", cframe = CFrame.new(4852.942383, 391.891846, -688.001648, 0.917717, -0.045617, -0.394607, -0.148026, 0.882565, -0.446282, 0.368624, 0.467973, 0.803192) },
    -- WP56 (original name: WP56)
    { name = "WP56", cframe = CFrame.new(2611.758789, 361.228851, -271.874542, 0.983157, -0.016026, 0.182058, 0.016432, 0.999865, -0.000717, -0.182022, 0.003697, 0.983288) },
    -- WP57 (original name: WP57)
    { name = "WP57", cframe = CFrame.new(2536.057129, 359.964050, -257.865692, 0.983195, -0.016017, 0.181853, 0.016421, 0.999865, -0.000712, -0.181817, 0.003686, 0.983325) },
    -- WP58 (original name: WP58)
    { name = "WP58", cframe = CFrame.new(2458.641113, 358.671295, -243.555389, 0.983220, -0.016034, 0.181716, 0.016417, 0.999865, -0.000603, -0.181682, 0.003576, 0.983351) },
    -- WP59 (original name: WP59)
    { name = "WP59", cframe = CFrame.new(2381.692139, 357.386322, -229.338898, 0.983231, -0.016039, 0.181655, 0.016422, 0.999865, -0.000604, -0.181621, 0.003577, 0.983362) },
    -- WP60 (original name: WP60)
    { name = "WP60", cframe = CFrame.new(2304.955078, 356.104279, -215.163681, 0.983230, -0.016040, 0.181666, 0.016435, 0.999865, -0.000670, -0.181630, 0.003644, 0.983360) },
    -- WP61 (original name: WP61)
    { name = "WP61", cframe = CFrame.new(2224.648926, 354.761230, -200.326813, 0.983212, -0.016072, 0.181757, 0.016458, 0.999864, -0.000615, -0.181723, 0.003596, 0.983343) },
    -- WP62 (original name: WP62)
    { name = "WP62", cframe = CFrame.new(2146.069336, 353.444977, -185.797729, 0.983181, -0.016088, 0.181926, 0.016489, 0.999864, -0.000691, -0.181890, 0.003679, 0.983312) },
    -- WP63 (original name: WP63)
    { name = "WP63", cframe = CFrame.new(2064.666748, 352.078491, -170.730118, 0.983134, -0.016128, 0.182175, 0.016529, 0.999863, -0.000679, -0.182139, 0.003679, 0.983266) },
    -- WP64 (original name: WP64)
    { name = "WP64", cframe = CFrame.new(1984.192505, 350.723907, -155.810181, 0.983072, -0.016176, 0.182506, 0.016578, 0.999862, -0.000680, -0.182470, 0.003694, 0.983205) },
    -- WP65 (original name: WP65)
    { name = "WP65", cframe = CFrame.new(1901.026489, 349.319397, -140.358353, 0.982989, -0.016222, 0.182947, 0.016640, 0.999861, -0.000752, -0.182909, 0.003784, 0.983123) },
    -- WP66 (original name: WP66)
    { name = "WP66", cframe = CFrame.new(1817.730225, 347.907043, -124.841820, 0.982890, -0.016282, 0.183471, 0.016711, 0.999860, -0.000797, -0.183432, 0.003849, 0.983025) },
    -- WP67 (original name: WP67)
    { name = "WP67", cframe = CFrame.new(1733.949707, 346.479919, -109.185478, 0.982783, -0.016348, 0.184039, 0.016787, 0.999859, -0.000824, -0.183999, 0.003899, 0.982919) },
    -- WP68 (original name: WP68)
    { name = "WP68", cframe = CFrame.new(1650.062500, 345.043762, -93.454712, 0.982648, -0.016449, 0.184750, 0.016879, 0.999857, -0.000756, -0.184711, 0.003861, 0.982785) },
    -- WP69 (original name: WP69)
    { name = "WP69", cframe = CFrame.new(1565.163330, 343.581787, -77.468048, 0.982500, -0.016564, 0.185524, 0.016978, 0.999856, -0.000643, -0.185487, 0.003782, 0.982640) },
    -- WP70 (original name: WP70)
    { name = "WP70", cframe = CFrame.new(1478.729370, 342.083771, -61.114212, 0.982331, -0.016655, 0.186412, 0.017090, 0.999854, -0.000727, -0.186372, 0.003900, 0.982472) },
    -- WP71 (original name: WP71)
    { name = "WP71", cframe = CFrame.new(1393.364258, 340.593903, -44.879185, 0.982141, -0.016757, 0.187397, 0.017213, 0.999852, -0.000807, -0.187355, 0.004019, 0.982284) },
    -- WP72 (original name: WP72)
    { name = "WP72", cframe = CFrame.new(1305.846558, 339.054718, -28.139177, 0.981928, -0.016865, 0.188502, 0.017349, 0.999849, -0.000919, -0.188458, 0.004173, 0.982072) },
    -- WP73 (original name: WP73)
    { name = "WP73", cframe = CFrame.new(1217.650635, 337.490662, -11.163652, 0.981689, -0.016992, 0.189733, 0.017500, 0.999846, -0.001003, -0.189687, 0.004305, 0.981835) },
    -- WP74 (original name: WP74)
    { name = "WP74", cframe = CFrame.new(1129.658936, 335.916107, 5.888594, 0.981435, -0.017133, 0.191030, 0.017658, 0.999844, -0.001044, -0.190983, 0.004397, 0.981584) },
    -- WP75 (original name: WP75)
    { name = "WP75", cframe = CFrame.new(1042.483032, 334.341309, 22.906862, 0.981167, -0.017272, 0.192386, 0.017822, 0.999840, -0.001126, -0.192336, 0.004533, 0.981319) },
    -- WP76 (original name: WP76)
    { name = "WP76", cframe = CFrame.new(954.111755, 332.728943, 40.291817, 0.980866, -0.017424, 0.193901, 0.018004, 0.999837, -0.001227, -0.193848, 0.004695, 0.981020) },
    -- WP77 (original name: WP77)
    { name = "WP77", cframe = CFrame.new(864.814087, 331.082245, 58.006092, 0.980534, -0.017571, 0.195561, 0.018202, 0.999833, -0.001432, -0.195503, 0.004964, 0.980690) },
    -- WP78 (original name: WP78)
    { name = "WP78", cframe = CFrame.new(775.880188, 329.423431, 75.804451, 0.980200, -0.017764, 0.197212, 0.018399, 0.999830, -0.001388, -0.197154, 0.004989, 0.980360) },
    -- WP79 (original name: WP79)
    { name = "WP79", cframe = CFrame.new(686.663452, 327.739746, 93.828354, 0.979840, -0.017913, 0.198981, 0.018609, 0.999826, -0.001629, -0.198917, 0.005299, 0.980002) },
    -- WP80 (original name: WP329)
    { name = "WP80", cframe = CFrame.new(1151.452148, 425.954559, 1277.789673, 0.582548, -0.041796, -0.811721, -0.060398, 0.993690, -0.094511, 0.810549, 0.104084, 0.576347) },
    -- WP81 (original name: WP330)
    { name = "WP81", cframe = CFrame.new(1100.946899, 430.578766, 1214.897461, 0.685603, -0.027691, -0.727449, -0.053040, 0.994720, -0.087853, 0.726041, 0.098816, 0.680514) },
    -- WP82 (original name: WP328)
    { name = "WP82", cframe = CFrame.new(1189.592041, 420.817047, 1344.829956, 0.451358, -0.043833, -0.891266, -0.069007, 0.994087, -0.083836, 0.889671, 0.099343, 0.445664) },
    -- WP83 (original name: WP331)
    { name = "WP83", cframe = CFrame.new(1043.347412, 434.898712, 1156.345459, 0.731332, -0.009425, -0.681957, -0.050972, 0.996353, -0.068432, 0.680115, 0.084807, 0.728184) },
    -- WP84 (original name: WP327)
    { name = "WP84", cframe = CFrame.new(1217.741211, 415.083099, 1416.931763, 0.323029, -0.043394, -0.945394, -0.075848, 0.994548, -0.071567, 0.943345, 0.094825, 0.317977) },
    -- WP85 (original name: WP332)
    { name = "WP85", cframe = CFrame.new(981.391357, 439.082092, 1101.024658, 0.772629, 0.002177, -0.634854, -0.048690, 0.997252, -0.055836, 0.632988, 0.074051, 0.770612) },
    -- WP86 (original name: WP326)
    { name = "WP86", cframe = CFrame.new(1236.930298, 408.910522, 1492.043091, 0.211892, -0.041102, -0.976428, -0.080866, 0.994952, -0.059430, 0.973942, 0.091552, 0.207498) },
    -- WP87 (original name: WP80)
    { name = "WP87", cframe = CFrame.new(595.241760, 325.993286, 112.475723, 0.979414, -0.018119, 0.201046, 0.018853, 0.999821, -0.001737, -0.200978, 0.005492, 0.979580) },
    -- WP88 (original name: WP333)
    { name = "WP88", cframe = CFrame.new(915.299866, 443.129395, 1048.807251, 0.805092, 0.009180, -0.593080, -0.046526, 0.997777, -0.047714, 0.591323, 0.066007, 0.803729) },
    -- WP89 (original name: WP325)
    { name = "WP89", cframe = CFrame.new(1248.678345, 402.211334, 1571.061768, 0.116594, -0.038824, -0.992421, -0.084749, 0.995202, -0.048890, 0.989557, 0.089806, 0.112744) },
    -- WP90 (original name: WP334)
    { name = "WP90", cframe = CFrame.new(844.602783, 447.094238, 998.797180, 0.832538, 0.011008, -0.553858, -0.044353, 0.997918, -0.046836, 0.552189, 0.063558, 0.831293) },
    -- WP91 (original name: WP324)
    { name = "WP91", cframe = CFrame.new(1253.698486, 395.263031, 1650.550415, 0.038482, -0.038604, -0.998513, -0.087880, 0.995251, -0.041865, 0.995387, 0.089361, 0.034906) },
    -- WP92 (original name: WP81)
    { name = "WP92", cframe = CFrame.new(504.374756, 324.234406, 131.205414, 0.978984, -0.018342, 0.203111, 0.019097, 0.999816, -0.001762, -0.203041, 0.005604, 0.979154) },
    -- WP93 (original name: WP335)
    { name = "WP93", cframe = CFrame.new(771.154175, 450.902191, 951.681824, 0.854660, 0.015003, -0.518971, -0.042287, 0.998273, -0.040780, 0.517463, 0.056799, 0.853819) },
    -- WP94 (original name: WP323)
    { name = "WP94", cframe = CFrame.new(1253.324829, 387.932159, 1731.904663, -0.025686, -0.036334, -0.999009, -0.090696, 0.995303, -0.033868, 0.995547, 0.089736, -0.028860) },
    -- WP95 (original name: WP336)
    { name = "WP95", cframe = CFrame.new(693.976440, 454.621277, 906.401062, 0.872380, 0.017024, -0.488532, -0.040339, 0.998492, -0.037241, 0.487161, 0.052195, 0.871751) },
    -- WP96 (original name: WP82)
    { name = "WP96", cframe = CFrame.new(413.057495, 322.442566, 150.236664, 0.978537, -0.018527, 0.205238, 0.019347, 0.999811, -0.001992, -0.205162, 0.005920, 0.978710) },
    -- WP97 (original name: WP337)
    { name = "WP97", cframe = CFrame.new(615.181763, 458.177124, 863.592041, 0.886324, 0.018965, -0.462677, -0.038529, 0.998717, -0.032871, 0.461460, 0.046961, 0.885917) },
    -- WP98 (original name: WP322)
    { name = "WP98", cframe = CFrame.new(1248.411987, 380.275787, 1814.205078, -0.078099, -0.032278, -0.996423, -0.093525, 0.995305, -0.024911, 0.992549, 0.091245, -0.080751) },
    -- WP99 (original name: WP338)
    { name = "WP99", cframe = CFrame.new(533.471313, 461.650360, 822.025879, 0.897010, 0.020671, -0.441527, -0.036868, 0.998924, -0.028134, 0.440470, 0.041515, 0.896807) },
    -- WP100 (original name: WP321)
    { name = "WP100", cframe = CFrame.new(1240.167969, 372.536255, 1894.727539, -0.115772, -0.027353, -0.992899, -0.096270, 0.995223, -0.016192, 0.988599, 0.093712, -0.117853) },
    -- WP101 (original name: WP83)
    { name = "WP101", cframe = CFrame.new(322.131927, 320.633667, 169.396423, 0.978037, -0.018776, 0.207585, 0.019623, 0.999806, -0.002023, -0.207506, 0.006052, 0.978215) },
    -- WP102 (original name: WP339)
    { name = "WP102", cframe = CFrame.new(449.418304, 465.034607, 781.511841, 0.904888, 0.022200, -0.425071, -0.035353, 0.999108, -0.023079, 0.424180, 0.035911, 0.904866) },
    -- WP103 (original name: WP320)
    { name = "WP103", cframe = CFrame.new(1229.310669, 364.603882, 1974.361206, -0.144834, -0.022586, -0.989198, -0.099386, 0.995015, -0.008167, 0.984452, 0.097130, -0.146357) },
    -- WP104 (original name: WP84)
    { name = "WP104", cframe = CFrame.new(229.585632, 318.765198, 189.133453, 0.977527, -0.019001, 0.209954, 0.019901, 0.999800, -0.002171, -0.209870, 0.006301, 0.977709) },
    -- WP105 (original name: WP340)
    { name = "WP105", cframe = CFrame.new(363.993103, 468.310944, 742.002075, 0.910147, 0.023314, -0.413630, -0.034010, 0.999250, -0.018512, 0.412888, 0.030916, 0.910257) },
    -- WP106 (original name: WP319)
    { name = "WP106", cframe = CFrame.new(1216.948120, 356.660217, 2051.074463, -0.165283, -0.017367, -0.986093, -0.102976, 0.994684, -0.000258, 0.980855, 0.101501, -0.166193) },
    -- WP107 (original name: WP318)
    { name = "WP107", cframe = CFrame.new(1203.775757, 348.679108, 2124.931396, -0.177888, -0.019176, -0.983864, -0.107177, 0.994240, 0.000000, 0.978197, 0.105447, -0.178919) },
    -- WP108 (original name: WP341)
    { name = "WP108", cframe = CFrame.new(278.060303, 471.471375, 703.304382, 0.913149, 0.024866, -0.406868, -0.032789, 0.999384, -0.012510, 0.406306, 0.024764, 0.913402) },
    -- WP109 (original name: WP85)
    { name = "WP109", cframe = CFrame.new(136.761414, 316.862701, 209.174255, 0.976972, -0.019240, 0.212500, 0.020198, 0.999793, -0.002341, -0.212411, 0.006579, 0.977158) },
    -- WP110 (original name: WP317)
    { name = "WP110", cframe = CFrame.new(1190.184082, 340.902435, 2196.005859, -0.191897, -0.020409, -0.981203, -0.105757, 0.994392, 0.000000, 0.975700, 0.103770, -0.192980) },
    -- WP111 (original name: WP342)
    { name = "WP111", cframe = CFrame.new(191.138092, 474.552612, 664.681335, 0.913774, 0.026112, -0.405384, -0.031758, 0.999470, -0.007208, 0.404980, 0.019461, 0.914118) },
    -- WP112 (original name: WP86)
    { name = "WP112", cframe = CFrame.new(45.448811, 314.962097, 229.139313, 0.976392, -0.019493, 0.215123, 0.020504, 0.999787, -0.002470, -0.215029, 0.006823, 0.976584) },
    -- WP113 (original name: WP316)
    { name = "WP113", cframe = CFrame.new(1174.611450, 333.049652, 2269.187256, -0.215079, -0.022472, -0.976338, -0.103919, 0.994586, -0.000000, 0.971052, 0.101460, -0.216250) },
    -- WP114 (original name: WP343)
    { name = "WP114", cframe = CFrame.new(104.219414, 477.541565, 626.027222, 0.912125, 0.025922, -0.409091, -0.030880, 0.999508, -0.005519, 0.408747, 0.017667, 0.912477) },
    -- WP115 (original name: WP315)
    { name = "WP115", cframe = CFrame.new(1156.652588, 325.118286, 2343.162842, -0.245367, -0.025570, -0.969093, -0.103651, 0.994614, 0.000000, 0.963873, 0.100448, -0.246696) },
    -- WP116 (original name: WP87)
    { name = "WP116", cframe = CFrame.new(-46.174210, 313.024719, 249.434036, 0.975781, -0.019755, 0.217855, 0.020822, 0.999780, -0.002606, -0.217756, 0.007079, 0.975978) },
    -- WP117 (original name: WP344)
    { name = "WP117", cframe = CFrame.new(17.949984, 480.438599, 587.040894, 0.908060, 0.024610, -0.418116, -0.030149, 0.999523, -0.006648, 0.417754, 0.018643, 0.908369) },
    -- WP118 (original name: WP314)
    { name = "WP118", cframe = CFrame.new(1136.013916, 317.165527, 2416.182861, -0.283843, -0.029881, -0.958405, -0.104694, 0.994505, 0.000000, 0.953138, 0.100339, -0.285412) },
    -- WP119 (original name: WP345)
    { name = "WP119", cframe = CFrame.new(-68.008408, 483.276917, 546.944519, 0.901351, 0.022544, -0.432502, -0.029564, 0.999518, -0.009514, 0.432079, 0.021362, 0.901583) },
    -- WP120 (original name: WP88)
    { name = "WP120", cframe = CFrame.new(-138.749924, 311.034760, 270.222717, 0.975160, -0.019966, 0.220598, 0.021141, 0.999772, -0.002968, -0.220489, 0.007557, 0.975360) },
    -- WP121 (original name: WP313)
    { name = "WP121", cframe = CFrame.new(1112.099854, 309.102448, 2487.901123, -0.330593, -0.035540, -0.943104, -0.106889, 0.994271, -0.000000, 0.937701, 0.100807, -0.332498) },
    -- WP122 (original name: WP346)
    { name = "WP122", cframe = CFrame.new(-152.512787, 486.041016, 505.637268, 0.891455, 0.019865, -0.452673, -0.029108, 0.999486, -0.013463, 0.452173, 0.025178, 0.891575) },
    -- WP123 (original name: WP89)
    { name = "WP123", cframe = CFrame.new(-231.286316, 309.012787, 291.284424, 0.974450, -0.020266, 0.223686, 0.021499, 0.999764, -0.003078, -0.223571, 0.007808, 0.974656) },
    -- WP124 (original name: WP312)
    { name = "WP124", cframe = CFrame.new(1084.691406, 300.989502, 2556.632812, -0.387158, -0.042911, -0.921014, -0.110162, 0.993914, -0.000000, 0.915409, 0.101461, -0.389529) },
    -- WP125 (original name: WP347)
    { name = "WP125", cframe = CFrame.new(-234.316895, 488.712830, 463.112030, 0.878033, 0.016580, -0.478312, -0.028783, 0.999420, -0.018193, 0.477733, 0.029742, 0.878001) },
    -- WP126 (original name: WP311)
    { name = "WP126", cframe = CFrame.new(1053.894531, 292.911804, 2620.786133, -0.449728, -0.051646, -0.891671, -0.114089, 0.993470, 0.000000, 0.885849, 0.101730, -0.452684) },
    -- WP127 (original name: WP90)
    { name = "WP127", cframe = CFrame.new(-323.872650, 306.954498, 312.663605, 0.973739, -0.020557, 0.226736, 0.021853, 0.999756, -0.003208, -0.226614, 0.008078, 0.973951) },
    -- WP128 (original name: WP348)
    { name = "WP128", cframe = CFrame.new(-314.166687, 491.339600, 418.338074, 0.860095, 0.012412, -0.509983, -0.028569, 0.999307, -0.023861, 0.509333, 0.035092, 0.859854) },
    -- WP129 (original name: WP310)
    { name = "WP129", cframe = CFrame.new(1019.027222, 284.776917, 2680.096436, -0.524622, -0.062789, -0.849017, -0.118837, 0.992914, 0.000000, 0.843000, 0.100894, -0.528366) },
    -- WP130 (original name: WP349)
    { name = "WP130", cframe = CFrame.new(-391.204803, 493.916626, 371.077454, 0.836295, 0.007574, -0.548227, -0.028449, 0.999157, -0.029593, 0.547541, 0.040346, 0.835806) },
    -- WP131 (original name: WP91)
    { name = "WP131", cframe = CFrame.new(-416.779633, 304.852905, 334.431244, 0.972978, -0.020867, 0.229954, 0.022226, 0.999748, -0.003320, -0.229827, 0.008341, 0.973196) },
    -- WP132 (original name: WP309)
    { name = "WP132", cframe = CFrame.new(979.839050, 276.566864, 2733.929932, -0.606263, -0.075605, -0.791662, -0.123748, 0.992314, -0.000000, 0.785577, 0.097967, -0.610959) },
    -- WP133 (original name: WP350)
    { name = "WP133", cframe = CFrame.new(-464.369629, 496.432220, 321.250519, 0.806450, 0.001604, -0.591300, -0.028406, 0.998947, -0.036032, 0.590619, 0.045854, 0.805647) },
    -- WP134 (original name: WP308)
    { name = "WP134", cframe = CFrame.new(935.508728, 268.206879, 2781.592773, -0.701057, -0.090999, -0.707275, -0.128723, 0.991681, 0.000000, 0.701391, 0.091043, -0.706938) },
    -- WP135 (original name: WP351)
    { name = "WP135", cframe = CFrame.new(-533.645935, 498.909851, 268.099182, 0.770692, -0.007245, -0.637167, -0.028405, 0.998551, -0.045712, 0.636575, 0.053328, 0.769369) },
    -- WP136 (original name: WP92)
    { name = "WP136", cframe = CFrame.new(-508.416656, 302.743286, 356.219666, 0.972170, -0.021221, 0.233312, 0.022614, 0.999739, -0.003299, -0.233181, 0.008484, 0.972396) },
    -- WP137 (original name: WP352)
    { name = "WP137", cframe = CFrame.new(-598.258118, 501.343445, 211.687881, 0.721611, -0.016742, -0.692096, -0.028403, 0.998150, -0.053759, 0.691716, 0.058451, 0.719801) },
    -- WP138 (original name: WP307)
    { name = "WP138", cframe = CFrame.new(887.557922, 259.951874, 2821.494629, -0.784435, -0.104466, -0.611350, -0.132008, 0.991249, 0.000000, 0.606000, 0.080703, -0.791360) },
    -- WP139 (original name: WP93)
    { name = "WP139", cframe = CFrame.new(-601.411316, 300.563477, 378.669708, 0.971320, -0.021602, 0.236792, 0.023017, 0.999730, -0.003212, -0.236659, 0.008571, 0.971555) },
    -- WP140 (original name: WP353)
    { name = "WP140", cframe = CFrame.new(-659.448608, 503.817871, 149.486969, 0.661445, -0.026232, -0.749535, -0.028349, 0.997799, -0.059938, 0.749457, 0.060894, 0.659246) },
    -- WP141 (original name: WP306)
    { name = "WP141", cframe = CFrame.new(834.481140, 251.606781, 2853.582275, -0.866718, -0.116767, -0.484938, -0.133517, 0.991047, 0.000000, 0.480596, 0.064747, -0.874549) },
    -- WP142 (original name: WP354)
    { name = "WP142", cframe = CFrame.new(-713.943115, 506.231384, 83.714371, 0.593110, -0.037459, -0.804250, -0.028191, 0.997338, -0.067242, 0.804628, 0.062555, 0.590475) },
    -- WP143 (original name: WP305)
    { name = "WP143", cframe = CFrame.new(778.123291, 243.374054, 2877.746582, -0.919017, -0.123197, -0.374472, -0.132864, 0.991134, 0.000000, 0.371152, 0.049754, -0.927238) },
    -- WP144 (original name: WP355)
    { name = "WP144", cframe = CFrame.new(-762.952393, 508.667206, 12.004705, 0.511014, -0.048370, -0.858211, -0.027860, 0.996959, -0.072779, 0.859121, 0.061101, 0.508112) },
    -- WP145 (original name: WP94)
    { name = "WP145", cframe = CFrame.new(-694.704834, 298.335449, 401.553345, 0.970468, -0.021921, 0.240231, 0.023414, 0.999720, -0.003359, -0.240090, 0.008884, 0.970710) },
    -- WP146 (original name: WP356)
    { name = "WP146", cframe = CFrame.new(-804.954285, 511.092316, -65.060616, 0.421823, -0.059755, -0.904707, -0.027334, 0.996534, -0.078565, 0.906266, 0.057870, 0.418728) },
    -- WP147 (original name: WP304)
    { name = "WP147", cframe = CFrame.new(718.458618, 234.936646, 2898.639160, -0.940699, -0.125277, -0.315264, -0.132009, 0.991249, 0.000000, 0.312505, 0.041618, -0.949004) },
    -- WP148 (original name: WP357)
    { name = "WP148", cframe = CFrame.new(-839.732300, 513.532166, -148.343353, 0.323899, -0.069521, -0.943534, -0.026510, 0.996238, -0.082505, 0.945720, 0.051737, 0.320837) },
    -- WP149 (original name: WP358)
    { name = "WP149", cframe = CFrame.new(-868.157715, 515.934875, -236.840881, 0.286669, -0.048453, -0.956804, -0.024238, 0.998034, -0.057803, 0.957723, 0.039761, 0.284930) },
    -- WP150 (original name: WP303)
    { name = "WP150", cframe = CFrame.new(659.966858, 226.895401, 2915.288086, -0.957423, -0.126197, -0.259646, -0.130678, 0.991425, 0.000000, 0.257419, 0.033930, -0.965704) },
    -- WP151 (original name: WP95)
    { name = "WP151", cframe = CFrame.new(-786.043945, 296.113342, 424.314423, 0.969586, -0.022221, 0.243739, 0.023818, 0.999710, -0.003608, -0.243588, 0.009303, 0.969834) },
    -- WP152 (original name: WP359)
    { name = "WP152", cframe = CFrame.new(-893.314331, 518.091980, -325.512115, 0.254303, -0.036203, -0.966447, -0.021894, 0.998828, -0.043177, 0.966877, 0.032139, 0.253212) },
    -- WP153 (original name: WP360)
    { name = "WP153", cframe = CFrame.new(-915.793945, 520.052490, -415.944702, 0.222894, -0.029735, -0.974389, -0.019655, 0.999195, -0.034989, 0.974644, 0.026950, 0.222130) },
    -- WP154 (original name: WP302)
    { name = "WP154", cframe = CFrame.new(600.898010, 218.983170, 2928.725830, -0.969781, -0.126177, -0.208816, -0.129021, 0.991642, 0.000000, 0.207071, 0.026942, -0.977955) },
    -- WP155 (original name: WP361)
    { name = "WP155", cframe = CFrame.new(-935.403198, 521.804565, -507.053131, 0.191741, -0.028205, -0.981040, -0.017474, 0.999330, -0.032146, 0.981290, 0.023307, 0.191120) },
    -- WP156 (original name: WP362)
    { name = "WP156", cframe = CFrame.new(-952.161804, 523.360535, -598.765991, 0.161555, -0.024487, -0.986560, -0.015404, 0.999508, -0.027331, 0.986744, 0.019612, 0.161098) },
    -- WP157 (original name: WP363)
    { name = "WP157", cframe = CFrame.new(-966.034790, 524.711365, -689.762207, 0.134269, -0.024777, -0.990635, -0.013575, 0.999548, -0.026840, 0.990852, 0.017051, 0.133872) },
    -- WP158 (original name: WP301)
    { name = "WP158", cframe = CFrame.new(542.139038, 211.307343, 2939.028320, -0.978902, -0.125420, -0.161312, -0.127084, 0.991892, -0.000000, 0.160004, 0.020500, -0.986904) },
    -- WP159 (original name: WP364)
    { name = "WP159", cframe = CFrame.new(-977.504944, 525.909119, -782.209412, 0.106526, -0.023338, -0.994036, -0.011761, 0.999625, -0.024730, 0.994240, 0.014326, 0.106212) },
    -- WP160 (original name: WP96)
    { name = "WP160", cframe = CFrame.new(-878.238953, 293.828674, 447.655273, 0.968602, -0.022510, 0.247595, 0.024261, 0.999698, -0.004026, -0.247430, 0.009906, 0.968855) },
    -- WP161 (original name: WP365)
    { name = "WP161", cframe = CFrame.new(-986.469299, 526.944702, -874.957642, 0.081825, -0.022224, -0.996399, -0.010194, 0.999680, -0.023134, 0.996595, 0.012051, 0.081572) },
    -- WP162 (original name: WP366)
    { name = "WP162", cframe = CFrame.new(-993.120117, 527.832581, -967.380615, 0.056677, -0.021414, -0.998163, -0.008653, 0.999722, -0.021939, 0.998355, 0.009881, 0.056476) },
    -- WP163 (original name: WP300)
    { name = "WP163", cframe = CFrame.new(484.079529, 203.895477, 2946.589355, -0.985029, -0.124165, -0.119591, -0.125062, 0.992149, -0.000000, 0.118652, 0.014956, -0.992823) },
    -- WP164 (original name: WP367)
    { name = "WP164", cframe = CFrame.new(-997.578857, 528.591187, -1060.428589, 0.034364, -0.019696, -0.999215, -0.007341, 0.999774, -0.019960, 0.999382, 0.008022, 0.034212) },
    -- WP165 (original name: WP368)
    { name = "WP165", cframe = CFrame.new(-1000.014954, 529.238586, -1154.550293, 0.012927, -0.017573, -0.999762, -0.006141, 0.999825, -0.017654, 0.999898, 0.006368, 0.012816) },
    -- WP166 (original name: WP369)
    { name = "WP166", cframe = CFrame.new(-1000.510559, 529.780945, -1249.050171, -0.006620, -0.016288, -0.999846, -0.005112, 0.999855, -0.016254, 0.999965, 0.005003, -0.006702) },
    -- WP167 (original name: WP299)
    { name = "WP167", cframe = CFrame.new(426.140015, 196.659348, 2951.793213, -0.989116, -0.122521, -0.081471, -0.122930, 0.992415, 0.000000, 0.080853, 0.010015, -0.996676) },
    -- WP168 (original name: WP370)
    { name = "WP168", cframe = CFrame.new(-999.215332, 530.229919, -1343.234009, -0.024771, -0.014607, -0.999587, -0.004225, 0.999886, -0.014506, 0.999684, 0.003864, -0.024830) },
    -- WP169 (original name: WP97)
    { name = "WP169", cframe = CFrame.new(-970.074585, 291.509064, 471.285095, 0.967593, -0.022885, 0.251476, 0.024708, 0.999686, -0.004096, -0.251303, 0.010177, 0.967855) },
    -- WP170 (original name: WP371)
    { name = "WP170", cframe = CFrame.new(-996.240295, 530.603760, -1438.289429, -0.040773, -0.014285, -0.999066, -0.003514, 0.999894, -0.014154, 0.999162, 0.002934, -0.040819) },
    -- WP171 (original name: WP372)
    { name = "WP171", cframe = CFrame.new(-991.774353, 530.913574, -1533.026245, -0.056262, -0.012824, -0.998334, -0.002909, 0.999915, -0.012680, 0.998412, 0.002191, -0.056294) },
    -- WP172 (original name: WP298)
    { name = "WP172", cframe = CFrame.new(368.815002, 189.644989, 2954.920166, -0.991553, -0.120645, -0.047611, -0.120782, 0.992679, 0.000000, 0.047262, 0.005751, -0.998866) },
    -- WP173 (original name: WP373)
    { name = "WP173", cframe = CFrame.new(-985.923340, 531.173035, -1627.791626, -0.069678, -0.011442, -0.997504, -0.002474, 0.999933, -0.011297, 0.997566, 0.001681, -0.069701) },
    -- WP174 (original name: WP374)
    { name = "WP174", cframe = CFrame.new(-978.869568, 531.395752, -1722.214233, -0.081699, -0.009876, -0.996608, -0.002181, 0.999950, -0.009730, 0.996655, 0.001379, -0.081717) },
    -- WP175 (original name: WP375)
    { name = "WP175", cframe = CFrame.new(-970.575012, 531.599487, -1818.338501, -0.092288, -0.008937, -0.995692, -0.002031, 0.999959, -0.008787, 0.995730, 0.001211, -0.092302) },
    -- WP176 (original name: WP297)
    { name = "WP176", cframe = CFrame.new(312.357025, 182.865784, 2956.295166, -0.992753, -0.118706, -0.018697, -0.118727, 0.992927, 0.000000, 0.018565, 0.002220, -0.999825) },
    -- WP177 (original name: WP376)
    { name = "WP177", cframe = CFrame.new(-961.455933, 531.790955, -1912.888184, -0.101464, -0.007826, -0.994809, -0.002023, 0.999969, -0.007660, 0.994837, 0.001235, -0.101476) },
    -- WP178 (original name: WP98)
    { name = "WP178", cframe = CFrame.new(-1059.946533, 289.195435, 494.791260, 0.966580, -0.023277, 0.255308, 0.025149, 0.999675, -0.004069, -0.255130, 0.010354, 0.966851) },
    -- WP179 (original name: WP377)
    { name = "WP179", cframe = CFrame.new(-951.442871, 531.988342, -2008.039795, -0.108835, -0.007275, -0.994033, -0.002145, 0.999973, -0.007083, 0.994058, 0.001361, -0.108847) },
    -- WP180 (original name: WP296)
    { name = "WP180", cframe = CFrame.new(256.347107, 176.259689, 2956.176270, -0.993144, -0.116690, 0.006970, -0.116693, 0.993168, 0.000000, -0.006922, -0.000813, -0.999976) },
    -- WP181 (original name: WP378)
    { name = "WP181", cframe = CFrame.new(-940.614807, 532.206055, -2104.297607, -0.115404, -0.006951, -0.993294, -0.002415, 0.999975, -0.006717, 0.993316, 0.001623, -0.115418) },
    -- WP182 (original name: WP379)
    { name = "WP182", cframe = CFrame.new(-929.322388, 532.452759, -2199.544922, -0.120545, -0.006153, -0.992689, -0.002824, 0.999979, -0.005856, 0.992704, 0.002097, -0.120560) },
    -- WP183 (original name: WP295)
    { name = "WP183", cframe = CFrame.new(201.202148, 169.860107, 2954.854736, -0.992997, -0.114802, 0.027882, -0.114847, 0.993383, 0.000000, -0.027697, -0.003202, -0.999611) },
    -- WP184 (original name: WP380)
    { name = "WP184", cframe = CFrame.new(-917.176086, 532.755005, -2298.056396, -0.124379, -0.005002, -0.992222, -0.003385, 0.999983, -0.004617, 0.992229, 0.002784, -0.124394) },
    -- WP185 (original name: WP99)
    { name = "WP185", cframe = CFrame.new(-1152.613037, 286.763153, 519.439270, 0.965508, -0.023626, 0.259298, 0.025608, 0.999663, -0.004266, -0.259110, 0.010759, 0.965788) },
    -- WP186 (original name: WP294)
    { name = "WP186", cframe = CFrame.new(146.641403, 163.625443, 2952.521729, -0.992545, -0.112959, 0.045771, -0.113077, 0.993586, 0.000000, -0.045478, -0.005176, -0.998952) },
    -- WP187 (original name: WP381)
    { name = "WP187", cframe = CFrame.new(-905.231384, 533.102173, -2392.413574, -0.126779, -0.003768, -0.991924, -0.004076, 0.999986, -0.003277, 0.991923, 0.003628, -0.126793) },
    -- WP188 (original name: WP382)
    { name = "WP188", cframe = CFrame.new(-893.073547, 533.520569, -2487.054443, -0.127848, -0.002797, -0.991790, -0.004901, 0.999986, -0.002189, 0.991782, 0.004581, -0.127860) },
    -- WP189 (original name: WP293)
    { name = "WP189", cframe = CFrame.new(92.647919, 157.541916, 2949.397949, -0.991973, -0.111268, 0.060078, -0.111470, 0.993768, 0.000000, -0.059704, -0.006697, -0.998194) },
    -- WP190 (original name: WP383)
