local PLANE_WAYPOINTS = {
    -- WP1 (original name: 1)
    { name = "WP1", cframe = CFrame.new(4815.557129, 392.825012, -679.824219, -0.764653, -0.137680, -0.629563, -0.080745, 0.989682, -0.118364, 0.639364, -0.039673, -0.767880) },
    -- WP2 (original name: 2)
    { name = "WP2", cframe = CFrame.new(4822.085449, 391.214569, -675.679871, -0.493054, -0.261943, -0.829629, -0.149227, 0.964928, -0.215976, 0.857105, 0.017315, -0.514850) },
    -- WP3 (original name: 3)
    { name = "WP3", cframe = CFrame.new(4839.733398, 389.001099, -673.102295, 0.293897, -0.365512, -0.883190, -0.224612, 0.871713, -0.435506, 0.929071, 0.326369, 0.174096) },
    -- WP4 (original name: 4)
    { name = "WP4", cframe = CFrame.new(4852.803711, 390.877686, -684.644714, 0.871555, -0.115830, -0.476419, -0.165272, 0.845418, -0.507890, 0.461602, 0.521393, 0.717686) },
    -- WP5 (original name: 5)
    { name = "WP5", cframe = CFrame.new(4849.355469, 393.608826, -693.540710, 0.967564, 0.020367, -0.251806, -0.118680, 0.916553, -0.381897, 0.223015, 0.399394, 0.889241) },
    -- WP6 (original name: 6)
    { name = "WP6", cframe = CFrame.new(4838.583984, 395.862732, -699.285645, 0.990599, 0.061122, -0.122380, -0.091089, 0.962171, -0.256766, 0.102056, 0.265500, 0.958694) },
    -- WP7 (original name: 7)
    { name = "WP7", cframe = CFrame.new(4823.214355, 397.770294, -702.774597, 0.997525, 0.063640, -0.029886, -0.067977, 0.981529, -0.178831, 0.017954, 0.180420, 0.983426) },
    -- WP8 (original name: 8)
    { name = "WP8", cframe = CFrame.new(4806.246094, 399.446472, -704.783875, 0.996076, 0.045117, 0.076143, -0.033846, 0.989099, -0.143312, -0.081779, 0.140172, 0.986744) },
    -- WP9 (original name: 9)
    { name = "WP9", cframe = CFrame.new(4791.110840, 400.656281, -705.431946, 0.975646, 0.008802, 0.219176, 0.020128, 0.991386, -0.129414, -0.218427, 0.130674, 0.967065) },
    -- WP10 (original name: 10)
    { name = "WP10", cframe = CFrame.new(4775.129395, 400.375610, -702.335449, 0.975736, -0.002382, 0.218937, 0.020105, 0.996691, -0.078755, -0.218025, 0.081246, 0.972556) },
    -- WP11 (original name: 11)
    { name = "WP11", cframe = CFrame.new(4757.923828, 400.039154, -698.793579, 0.975852, -0.009403, 0.218232, 0.020050, 0.998711, -0.046624, -0.217512, 0.049873, 0.974783) },
    -- WP12 (original name: 12)
    { name = "WP12", cframe = CFrame.new(4738.895508, 399.653992, -694.727295, 0.975978, -0.013481, 0.217450, 0.019990, 0.999415, -0.027762, -0.216949, 0.031442, 0.975677) },
    -- WP13 (original name: 13)
    { name = "WP13", cframe = CFrame.new(4719.116211, 399.250519, -690.433899, 0.976110, -0.015913, 0.216694, 0.019928, 0.999668, -0.016354, -0.216362, 0.020282, 0.976103) },
    -- WP14 (original name: 14)
    { name = "WP14", cframe = CFrame.new(4696.475098, 398.788391, -685.470215, 0.976258, -0.017222, 0.215925, 0.019858, 0.999752, -0.010044, -0.215698, 0.014094, 0.976358) },
    -- WP15 (original name: 15)
    { name = "WP15", cframe = CFrame.new(4672.278320, 398.295868, -680.148010, 0.976412, -0.017811, 0.215179, 0.019784, 0.999780, -0.007020, -0.215006, 0.011111, 0.976550) },
    -- WP16 (original name: 16)
    { name = "WP16", cframe = CFrame.new(4647.395996, 397.791290, -674.689087, 0.976572, -0.018307, 0.214409, 0.019708, 0.999796, -0.004396, -0.214284, 0.008519, 0.976734) },
    -- WP17 (original name: 17)
    { name = "WP17", cframe = CFrame.new(4620.983887, 397.257843, -668.905090, 0.976739, -0.018597, 0.213622, 0.019628, 0.999804, -0.002705, -0.213529, 0.006835, 0.976913) },
    -- WP18 (original name: 18)
    { name = "WP18", cframe = CFrame.new(4593.582031, 396.706726, -662.918884, 0.976908, -0.018707, 0.212839, 0.019547, 0.999807, -0.001840, -0.212763, 0.005958, 0.977086) },
    -- WP19 (original name: 19)
    { name = "WP19", cframe = CFrame.new(4564.299805, 396.120544, -656.543396, 0.977080, -0.018730, 0.212048, 0.019464, 0.999810, -0.001375, -0.211982, 0.005471, 0.977258) },
    -- WP20 (original name: 20)
    { name = "WP20", cframe = CFrame.new(4533.636230, 395.509430, -649.891602, 0.977269, -0.018716, 0.211175, 0.019373, 0.999812, -0.001038, -0.211116, 0.005106, 0.977448) },
    -- WP21 (original name: 21)
    { name = "WP21", cframe = CFrame.new(4501.125977, 394.865082, -642.870361, 0.977440, -0.018660, 0.210388, 0.019290, 0.999814, -0.000942, -0.210331, 0.004979, 0.977618) },
    -- WP22 (original name: 22)
    { name = "WP22", cframe = CFrame.new(4467.550781, 394.202515, -635.645386, 0.977649, -0.018550, 0.209423, 0.019188, 0.999815, -0.001013, -0.209366, 0.005009, 0.977825) },
    -- WP23 (original name: 23)
    { name = "WP23", cframe = CFrame.new(4432.253418, 393.509857, -628.088135, 0.977846, -0.018474, 0.208510, 0.019092, 0.999817, -0.000953, -0.208454, 0.004913, 0.978020) },
    -- WP24 (original name: 24)
    { name = "WP24", cframe = CFrame.new(4396.039062, 392.802979, -620.370789, 0.978047, -0.018397, 0.207573, 0.018993, 0.999819, -0.000882, -0.207519, 0.004805, 0.978219) },
    -- WP25 (original name: 25)
    { name = "WP25", cframe = CFrame.new(4358.131836, 392.067017, -612.330627, 0.978256, -0.018317, 0.206588, 0.018890, 0.999821, -0.000802, -0.206536, 0.004687, 0.978428) },
    -- WP26 (original name: 26)
    { name = "WP26", cframe = CFrame.new(4319.194824, 391.315460, -604.114075, 0.978460, -0.018250, 0.205630, 0.018790, 0.999823, -0.000670, -0.205581, 0.004520, 0.978630) },
    -- WP27 (original name: 27)
    { name = "WP27", cframe = CFrame.new(4278.879883, 390.541595, -595.647034, 0.978671, -0.018152, 0.204632, 0.018685, 0.999825, -0.000672, -0.204584, 0.004481, 0.978839) },
    -- WP28 (original name: 28)
    { name = "WP28", cframe = CFrame.new(4237.509766, 389.752167, -587.002869, 0.978872, -0.018045, 0.203677, 0.018585, 0.999827, -0.000737, -0.203628, 0.004507, 0.979038) },
    -- WP29 (original name: 29)
    { name = "WP29", cframe = CFrame.new(4193.822266, 388.923370, -577.920959, 0.979088, -0.017944, 0.202643, 0.018477, 0.999829, -0.000736, -0.202595, 0.004465, 0.979252) },
    -- WP30 (original name: 30)
    { name = "WP30", cframe = CFrame.new(4149.134766, 388.080841, -568.681396, 0.979288, -0.017842, 0.201686, 0.018377, 0.999831, -0.000780, -0.201638, 0.004470, 0.979450) },
    -- WP31 (original name: 31)
    { name = "WP31", cframe = CFrame.new(4102.331543, 387.203613, -559.054443, 0.979504, -0.017730, 0.200643, 0.018268, 0.999833, -0.000828, -0.200595, 0.004477, 0.979664) },
    -- WP32 (original name: 32)
    { name = "WP32", cframe = CFrame.new(4054.807373, 386.318298, -549.332275, 0.979720, -0.017638, 0.199594, 0.018159, 0.999835, -0.000780, -0.199547, 0.004388, 0.979878) },
    -- WP33 (original name: 33)
    { name = "WP33", cframe = CFrame.new(4006.379150, 385.421692, -539.479736, 0.979924, -0.017560, 0.198594, 0.018055, 0.999837, -0.000684, -0.198550, 0.004256, 0.980082) },
    -- WP34 (original name: 34)
    { name = "WP34", cframe = CFrame.new(3956.499023, 384.503845, -529.384460, 0.980131, -0.017454, 0.197583, 0.017951, 0.999839, -0.000721, -0.197539, 0.004253, 0.980286) },
    -- WP35 (original name: 35)
    { name = "WP35", cframe = CFrame.new(3904.627441, 383.555206, -518.942017, 0.980335, -0.017331, 0.196577, 0.017846, 0.999840, -0.000850, -0.196531, 0.004341, 0.980488) },
    -- WP36 (original name: 36)
    { name = "WP36", cframe = CFrame.new(3851.567627, 382.590668, -508.319000, 0.980541, -0.017234, 0.195556, 0.017741, 0.999842, -0.000841, -0.195510, 0.004294, 0.980692) },
    -- WP37 (original name: 37)
    { name = "WP37", cframe = CFrame.new(3797.073975, 381.606171, -497.468201, 0.980738, -0.017143, 0.194575, 0.017640, 0.999844, -0.000825, -0.194530, 0.004241, 0.980887) },
    -- WP38 (original name: 38)
    { name = "WP38", cframe = CFrame.new(3742.052246, 380.618042, -486.569702, 0.980933, -0.017049, 0.193594, 0.017540, 0.999846, -0.000823, -0.193551, 0.004202, 0.981081) },
    -- WP39 (original name: 39)
    { name = "WP39", cframe = CFrame.new(3684.933594, 379.598297, -475.314941, 0.981126, -0.016951, 0.192623, 0.017441, 0.999848, -0.000846, -0.192579, 0.004190, 0.981273) },
    -- WP40 (original name: 40)
    { name = "WP40", cframe = CFrame.new(3626.853760, 378.567444, -463.929810, 0.981313, -0.016847, 0.191679, 0.017345, 0.999849, -0.000916, -0.191635, 0.004224, 0.981457) },
    -- WP41 (original name: 41)
    { name = "WP41", cframe = CFrame.new(3567.697998, 377.523407, -452.394592, 0.981493, -0.016786, 0.190762, 0.017252, 0.999851, -0.000782, -0.190720, 0.004059, 0.981636) },
    -- WP42 (original name: 42)
    { name = "WP42", cframe = CFrame.new(3507.259766, 376.462677, -440.666138, 0.981665, -0.016693, 0.189882, 0.017163, 0.999852, -0.000833, -0.189840, 0.004077, 0.981807) },
    -- WP43 (original name: 43)
    { name = "WP43", cframe = CFrame.new(3446.151123, 375.396118, -428.867035, 0.981814, -0.016621, 0.189119, 0.017087, 0.999854, -0.000835, -0.189077, 0.004051, 0.981954) },
    -- WP44 (original name: 44)
    { name = "WP44", cframe = CFrame.new(3383.600830, 374.309509, -416.842346, 0.981991, -0.016555, 0.188201, 0.016996, 0.999855, -0.000731, -0.188162, 0.003916, 0.982130) },
    -- WP45 (original name: 45)
    { name = "WP45", cframe = CFrame.new(3320.232422, 373.214325, -404.715942, 0.982140, -0.016474, 0.187428, 0.016919, 0.999856, -0.000778, -0.187388, 0.003936, 0.982278) },
    -- WP46 (original name: 46)
    { name = "WP46", cframe = CFrame.new(3254.558350, 372.084839, -392.204285, 0.982276, -0.016407, 0.186723, 0.016850, 0.999858, -0.000789, -0.186684, 0.003921, 0.982412) },
    -- WP47 (original name: 47)
    { name = "WP47", cframe = CFrame.new(3188.428711, 370.952271, -379.654144, 0.982422, -0.016315, 0.185957, 0.016776, 0.999859, -0.000908, -0.185916, 0.004012, 0.982558) },
    -- WP48 (original name: 48)
    { name = "WP48", cframe = CFrame.new(3121.133545, 369.804657, -366.935883, 0.982547, -0.016264, 0.185301, 0.016713, 0.999860, -0.000864, -0.185261, 0.003946, 0.982681) },
    -- WP49 (original name: 49)
    { name = "WP49", cframe = CFrame.new(3053.336426, 368.653015, -354.170685, 0.982655, -0.016229, 0.184729, 0.016659, 0.999861, -0.000776, -0.184691, 0.003840, 0.982789) },
    -- WP50 (original name: 50)
    { name = "WP50", cframe = CFrame.new(2983.419922, 367.469391, -341.048126, 0.982772, -0.016177, 0.184110, 0.016602, 0.999862, -0.000770, -0.184072, 0.003814, 0.982905) },
    -- WP51 (original name: 51)
    { name = "WP51", cframe = CFrame.new(2913.792480, 366.294464, -328.021362, 0.982869, -0.016134, 0.183596, 0.016556, 0.999863, -0.000762, -0.183559, 0.003789, 0.983001) },
    -- WP52 (original name: 52)
    { name = "WP52", cframe = CFrame.new(2842.263916, 365.090759, -314.676636, 0.982960, -0.016104, 0.183115, 0.016514, 0.999863, -0.000714, -0.183078, 0.003725, 0.983091) },
    -- WP53 (original name: 53)
    { name = "WP53", cframe = CFrame.new(2770.404541, 363.884491, -301.304413, 0.983033, -0.016083, 0.182722, 0.016481, 0.999864, -0.000660, -0.182687, 0.003660, 0.983164) },
    -- WP54 (original name: 54)
    { name = "WP54", cframe = CFrame.new(2696.607666, 362.648102, -287.600128, 0.983099, -0.016049, 0.182371, 0.016453, 0.999864, -0.000704, -0.182335, 0.003692, 0.983230) },
    -- WP55 (original name: 55)
    { name = "WP55", cframe = CFrame.new(2622.608887, 361.410187, -273.883972, 0.983151, -0.016032, 0.182090, 0.016434, 0.999865, -0.000697, -0.182054, 0.003677, 0.983282) },
    -- WP56 (original name: 56)
    { name = "WP56", cframe = CFrame.new(2547.360107, 360.152863, -259.956787, 0.983191, -0.016028, 0.181875, 0.016421, 0.999865, -0.000659, -0.181840, 0.003635, 0.983322) },
    -- WP57 (original name: 57)
    { name = "WP57", cframe = CFrame.new(2472.422852, 358.901398, -246.101624, 0.983217, -0.016021, 0.181738, 0.016417, 0.999865, -0.000677, -0.181703, 0.003649, 0.983347) },
    -- WP58 (original name: 58)
    { name = "WP58", cframe = CFrame.new(2395.582275, 357.618256, -231.904572, 0.983231, -0.016034, 0.181660, 0.016421, 0.999865, -0.000624, -0.181625, 0.003597, 0.983361) },
    -- WP59 (original name: 59)
    { name = "WP59", cframe = CFrame.new(2318.882324, 356.337006, -217.736511, 0.983231, -0.016039, 0.181660, 0.016432, 0.999865, -0.000660, -0.181625, 0.003634, 0.983361) },
    -- WP60 (original name: 60)
    { name = "WP60", cframe = CFrame.new(2239.175537, 355.004333, -203.010910, 0.983216, -0.016059, 0.181737, 0.016454, 0.999864, -0.000662, -0.181702, 0.003641, 0.983347) },
    -- WP61 (original name: 61)
    { name = "WP61", cframe = CFrame.new(2159.031982, 353.662262, -188.196854, 0.983186, -0.016111, 0.181894, 0.016484, 0.999864, -0.000540, -0.181861, 0.003529, 0.983318) },
    -- WP62 (original name: 62)
    { name = "WP62", cframe = CFrame.new(2078.473877, 352.310577, -173.288910, 0.983141, -0.016148, 0.182133, 0.016523, 0.999864, -0.000542, -0.182099, 0.003543, 0.983274) },
    -- WP63 (original name: 63)
    { name = "WP63", cframe = CFrame.new(1997.236694, 350.943787, -158.232010, 0.983080, -0.016192, 0.182459, 0.016571, 0.999863, -0.000556, -0.182425, 0.003570, 0.983213) },
    -- WP64 (original name: 64)
    { name = "WP64", cframe = CFrame.new(1915.112915, 349.557648, -142.979340, 0.983005, -0.016237, 0.182859, 0.016628, 0.999861, -0.000605, -0.182824, 0.003635, 0.983139) },
    -- WP65 (original name: 65)
    { name = "WP65", cframe = CFrame.new(1831.996094, 348.149384, -127.504112, 0.982910, -0.016304, 0.183362, 0.016697, 0.999861, -0.000599, -0.183326, 0.003650, 0.983045) },
    -- WP66 (original name: 66)
    { name = "WP66", cframe = CFrame.new(1749.353638, 346.742889, -112.069901, 0.982802, -0.016367, 0.183933, 0.016773, 0.999859, -0.000651, -0.183897, 0.003725, 0.982938) },
    -- WP67 (original name: 67)
    { name = "WP67", cframe = CFrame.new(1665.283447, 345.304993, -96.315277, 0.982668, -0.016453, 0.184643, 0.016865, 0.999857, -0.000666, -0.184605, 0.003768, 0.982805) },
    -- WP68 (original name: 68)
    { name = "WP68", cframe = CFrame.new(1581.774536, 343.868561, -80.602440, 0.982527, -0.016553, 0.185382, 0.016960, 0.999856, -0.000614, -0.185345, 0.003747, 0.982666) },
    -- WP69 (original name: 69)
    { name = "WP69", cframe = CFrame.new(1495.812622, 342.380737, -64.354149, 0.982359, -0.016648, 0.186261, 0.017071, 0.999854, -0.000668, -0.186222, 0.003836, 0.982500) },
    -- WP70 (original name: 70)
    { name = "WP70", cframe = CFrame.new(1410.312378, 340.890625, -48.110252, 0.982176, -0.016743, 0.187217, 0.017190, 0.999852, -0.000766, -0.187176, 0.003971, 0.982318) },
    -- WP71 (original name: 71)
    { name = "WP71", cframe = CFrame.new(1324.702759, 339.387421, -31.755585, 0.981973, -0.016858, 0.188268, 0.017321, 0.999850, -0.000814, -0.188226, 0.004060, 0.982117) },
    -- WP72 (original name: 72)
    { name = "WP72", cframe = CFrame.new(1231.217041, 337.731842, -13.779616, 0.981746, -0.016957, 0.189439, 0.017464, 0.999847, -0.001004, -0.189393, 0.004294, 0.981892) },
    -- WP73 (original name: 73)
    { name = "WP73", cframe = CFrame.new(1143.305664, 336.161224, 3.237772, 0.981479, -0.017082, 0.190808, 0.017630, 0.999844, -0.001178, -0.190758, 0.004521, 0.981627) },
    -- WP74 (original name: 74)
    { name = "WP74", cframe = CFrame.new(1055.475098, 334.576904, 20.363932, 0.981211, -0.017227, 0.192165, 0.017795, 0.999841, -0.001228, -0.192113, 0.004624, 0.981362) },
    -- WP75 (original name: 75)
    { name = "WP75", cframe = CFrame.new(966.582642, 332.957306, 37.832180, 0.980922, -0.017379, 0.193624, 0.017970, 0.999838, -0.001297, -0.193570, 0.004752, 0.981075) },
    -- WP76 (original name: 76)
    { name = "WP76", cframe = CFrame.new(877.034546, 331.308563, 55.575020, 0.980588, -0.017518, 0.195296, 0.018170, 0.999834, -0.001547, -0.195236, 0.005066, 0.980743) },
    -- WP77 (original name: 77)
    { name = "WP77", cframe = CFrame.new(786.618347, 329.624817, 73.648994, 0.980236, -0.017686, 0.197039, 0.018378, 0.999830, -0.001686, -0.196975, 0.005273, 0.980394) },
    -- WP78 (original name: 78)
    { name = "WP78", cframe = CFrame.new(695.583679, 327.909363, 92.015457, 0.979852, -0.017912, 0.198922, 0.018602, 0.999826, -0.001602, -0.198858, 0.005270, 0.980014) },
    -- WP79 (original name: 79)
    { name = "WP79", cframe = CFrame.new(605.689880, 326.194092, 110.333893, 0.979460, -0.018109, 0.200822, 0.018827, 0.999821, -0.001669, -0.200756, 0.005416, 0.979626) },
    -- WP80 (original name: 80)
    { name = "WP80", cframe = CFrame.new(514.462585, 324.430725, 129.117798, 0.979040, -0.018298, 0.202842, 0.019066, 0.999817, -0.001832, -0.202771, 0.005661, 0.979210) },
    -- WP81 (original name: 81)
    { name = "WP81", cframe = CFrame.new(423.653442, 322.651917, 148.015823, 0.978578, -0.018516, 0.205044, 0.019325, 0.999811, -0.001943, -0.204969, 0.005864, 0.978751) },
    -- WP82 (original name: 82)
    { name = "WP82", cframe = CFrame.new(333.158630, 320.854248, 167.061829, 0.978112, -0.018755, 0.207234, 0.019582, 0.999806, -0.001942, -0.207157, 0.005958, 0.978290) },
    -- WP83 (original name: 83)
    { name = "WP83", cframe = CFrame.new(240.952194, 318.995911, 186.699799, 0.977611, -0.018938, 0.209567, 0.019855, 0.999800, -0.002274, -0.209482, 0.006384, 0.977792) },
    -- WP84 (original name: 84)
    { name = "WP84", cframe = CFrame.new(149.551666, 317.125763, 206.407562, 0.977112, -0.019115, 0.211864, 0.020123, 0.999794, -0.002603, -0.211770, 0.006806, 0.977296) },
    -- WP85 (original name: 85)
    { name = "WP85", cframe = CFrame.new(56.427620, 315.192200, 226.729095, 0.976464, -0.019378, 0.214808, 0.020467, 0.999787, -0.002845, -0.214707, 0.007174, 0.976652) },
    -- WP86 (original name: 86)
    { name = "WP86", cframe = CFrame.new(-34.347321, 313.276520, 246.801697, 0.975865, -0.019672, 0.217486, 0.020779, 0.999780, -0.002803, -0.217383, 0.007254, 0.976059) },
    -- WP87 (original name: 87)
    { name = "WP87", cframe = CFrame.new(-127.059090, 311.288177, 267.579041, 0.975215, -0.019945, 0.220360, 0.021113, 0.999773, -0.002947, -0.220251, 0.007526, 0.975414) },
    -- WP88 (original name: 88)
    { name = "WP88", cframe = CFrame.new(-217.791550, 309.309479, 288.197144, 0.974584, -0.020216, 0.223108, 0.021432, 0.999766, -0.003032, -0.222995, 0.007737, 0.974789) },
    -- WP89 (original name: 89)
    { name = "WP89", cframe = CFrame.new(-313.422485, 307.188873, 310.232117, 0.973801, -0.020551, 0.226471, 0.021822, 0.999757, -0.003113, -0.226352, 0.007973, 0.974013) },
    -- WP90 (original name: 90)
    { name = "WP90", cframe = CFrame.new(-406.296753, 305.092041, 331.955963, 0.973056, -0.020882, 0.229623, 0.022188, 0.999749, -0.003105, -0.229501, 0.008116, 0.973275) },
    -- WP91 (original name: 91)
    { name = "WP91", cframe = CFrame.new(-498.535461, 302.972290, 353.857269, 0.972282, -0.021162, 0.232853, 0.022561, 0.999740, -0.003347, -0.232722, 0.008508, 0.972506) },
    -- WP92 (original name: 92)
    { name = "WP92", cframe = CFrame.new(-591.035950, 300.807617, 376.159698, 0.971507, -0.021450, 0.236038, 0.022929, 0.999731, -0.003522, -0.235899, 0.008834, 0.971737) },
    -- WP93 (original name: 93)
    { name = "WP93", cframe = CFrame.new(-682.631409, 298.625519, 398.583069, 0.970632, -0.021697, 0.239588, 0.023338, 0.999720, -0.004013, -0.239434, 0.009487, 0.970866) },
    -- WP94 (original name: 94)
    { name = "WP94", cframe = CFrame.new(-777.111633, 296.332520, 422.078033, 0.969667, -0.022042, 0.243432, 0.023781, 0.999708, -0.004208, -0.243268, 0.009870, 0.969909) },
    -- WP95 (original name: 95)
    { name = "WP95", cframe = CFrame.new(-869.402405, 294.049377, 445.406647, 0.968709, -0.022377, 0.247190, 0.024214, 0.999697, -0.004394, -0.247016, 0.010242, 0.968957) },
    -- WP96 (original name: 96)
    { name = "WP96", cframe = CFrame.new(-961.382446, 291.730164, 469.037964, 0.967722, -0.022760, 0.250989, 0.024651, 0.999687, -0.004395, -0.250810, 0.010440, 0.967980) },
    -- WP97 (original name: 97)
    { name = "WP97", cframe = CFrame.new(-1052.578735, 289.386292, 492.860199, 0.966706, -0.023056, 0.254850, 0.025095, 0.999674, -0.004750, -0.254657, 0.010988, 0.966969) },
    -- WP98 (original name: 98)
    { name = "WP98", cframe = CFrame.new(-1145.281860, 286.956909, 517.483948, 0.965629, -0.023403, 0.258870, 0.025557, 0.999661, -0.004957, -0.258666, 0.011403, 0.965900) },
    -- WP99 (original name: 99)
    { name = "WP99", cframe = CFrame.new(-1237.845093, 284.482727, 542.497803, 0.964518, -0.023705, 0.262951, 0.026024, 0.999647, -0.005340, -0.262731, 0.011994, 0.964795) },
    -- WP100 (original name: 100)
    { name = "WP100", cframe = CFrame.new(-1329.275391, 281.991028, 567.623413, 0.963265, -0.024084, 0.267471, 0.026543, 0.999632, -0.005582, -0.267239, 0.012477, 0.963550) },
    -- WP101 (original name: 101)
    { name = "WP101", cframe = CFrame.new(-1420.609131, 279.451263, 593.165466, 0.962038, -0.024516, 0.271812, 0.027041, 0.999619, -0.005547, -0.271573, 0.012686, 0.962334) },
    -- WP102 (original name: 102)
    { name = "WP102", cframe = CFrame.new(-1510.965454, 276.887421, 618.885071, 0.960845, -0.024908, 0.275965, 0.027517, 0.999606, -0.005586, -0.275717, 0.012961, 0.961152) },
    -- WP103 (original name: 103)
    { name = "WP103", cframe = CFrame.new(-1602.693359, 274.233154, 645.450378, 0.959449, -0.025300, 0.280743, 0.028065, 0.999589, -0.005830, -0.280481, 0.013473, 0.959765) },
    -- WP104 (original name: 104)
    { name = "WP104", cframe = CFrame.new(-1693.078125, 271.564117, 672.095093, 0.958027, -0.025784, 0.285516, 0.028612, 0.999574, -0.005735, -0.285246, 0.013664, 0.958357) },
    -- WP105 (original name: 105)
    { name = "WP105", cframe = CFrame.new(-1782.410156, 268.871948, 698.908081, 0.956631, -0.026224, 0.290120, 0.029139, 0.999559, -0.005731, -0.289842, 0.013936, 0.956973) },
    -- WP106 (original name: 106)
    { name = "WP106", cframe = CFrame.new(-1873.111206, 266.082764, 726.624268, 0.955124, -0.026637, 0.295007, 0.029698, 0.999542, -0.005900, -0.294714, 0.014396, 0.955477) },
    -- WP107 (original name: 107)
    { name = "WP107", cframe = CFrame.new(-1961.636475, 263.304810, 754.164856, 0.953584, -0.027109, 0.299906, 0.030259, 0.999525, -0.005864, -0.299604, 0.014666, 0.953951) },
    -- WP108 (original name: 108)
    { name = "WP108", cframe = CFrame.new(-2049.826416, 260.480988, 782.098389, 0.952003, -0.027577, 0.304843, 0.030823, 0.999508, -0.005841, -0.304532, 0.014957, 0.952385) },
    -- WP109 (original name: 109)
    { name = "WP109", cframe = CFrame.new(-2138.210449, 257.593506, 810.599854, 0.950324, -0.028079, 0.309992, 0.031412, 0.999490, -0.005766, -0.309672, 0.015217, 0.950722) },
    -- WP110 (original name: 110)
    { name = "WP110", cframe = CFrame.new(-2226.014893, 254.665833, 839.437866, 0.948643, -0.028522, 0.315059, 0.031991, 0.999471, -0.005844, -0.314726, 0.015623, 0.949054) },
    -- WP111 (original name: 111)
    { name = "WP111", cframe = CFrame.new(-2312.744873, 251.715271, 868.440979, 0.946908, -0.028984, 0.320195, 0.032578, 0.999452, -0.005874, -0.319849, 0.015993, 0.947334) },
    -- WP112 (original name: 112)
    { name = "WP112", cframe = CFrame.new(-2399.561035, 248.702103, 898.001038, 0.945074, -0.029426, 0.325529, 0.033187, 0.999431, -0.006006, -0.325167, 0.016480, 0.945513) },
    -- WP113 (original name: 113)
    { name = "WP113", cframe = CFrame.new(-2485.572021, 245.655991, 927.822754, 0.943230, -0.029945, 0.330789, 0.033788, 0.999412, -0.005873, -0.330418, 0.016717, 0.943687) },
    -- WP114 (original name: 114)
    { name = "WP114", cframe = CFrame.new(-2570.515381, 242.586960, 957.812317, 0.941361, -0.030412, 0.336029, 0.034386, 0.999391, -0.005880, -0.335645, 0.017090, 0.941834) },
    -- WP115 (original name: 115)
    { name = "WP115", cframe = CFrame.new(-2654.181641, 239.330109, 989.407715, 0.926626, -0.021671, 0.375359, 0.039824, 0.998379, -0.040672, -0.373869, 0.052636, 0.925987) },
    -- WP116 (original name: 116)
    { name = "WP116", cframe = CFrame.new(-2729.077393, 235.211548, 1026.408936, 0.860953, -0.003515, 0.508673, 0.058730, 0.993976, -0.092536, -0.505283, 0.109544, 0.855972) },
    -- WP117 (original name: 117)
    { name = "WP117", cframe = CFrame.new(-2797.473389, 229.824860, 1071.920044, 0.788810, 0.008484, 0.614578, 0.073611, 0.991404, -0.108166, -0.610213, 0.130562, 0.781405) },
    -- WP118 (original name: 118)
    { name = "WP118", cframe = CFrame.new(-2861.025391, 223.221954, 1126.183838, 0.714032, 0.017086, 0.699905, 0.085312, 0.990129, -0.111205, -0.694896, 0.139114, 0.705526) },
    -- WP119 (original name: 119)
    { name = "WP119", cframe = CFrame.new(-2918.340088, 215.742722, 1186.878418, 0.640357, 0.022104, 0.767759, 0.094244, 0.989772, -0.107100, -0.762274, 0.140939, 0.631724) },
    -- WP120 (original name: 120)
    { name = "WP120", cframe = CFrame.new(-2970.740967, 207.402130, 1254.294067, 0.569339, 0.026581, 0.821673, 0.100891, 0.989663, -0.101922, -0.815888, 0.140928, 0.560772) },
    -- WP121 (original name: 121)
    { name = "WP121", cframe = CFrame.new(-3017.241211, 198.569519, 1325.838745, 0.503760, 0.028464, 0.863374, 0.105504, 0.989947, -0.094196, -0.857377, 0.138541, 0.495693) },
    -- WP122 (original name: 122)
    { name = "WP122", cframe = CFrame.new(-3059.454102, 189.131378, 1402.816284, 0.442743, 0.027369, 0.896231, 0.108525, 0.990550, -0.083861, -0.890057, 0.134392, 0.435589) },
    -- WP123 (original name: 123)
    { name = "WP123", cframe = CFrame.new(-3096.584473, 179.415909, 1482.920410, 0.387757, 0.030801, 0.921247, 0.110160, 0.990730, -0.079491, -0.915155, 0.132308, 0.380769) },
    -- WP124 (original name: 124)
    { name = "WP124", cframe = CFrame.new(-3128.886230, 169.628754, 1564.808472, 0.335797, 0.032206, 0.941384, 0.110694, 0.991141, -0.073393, -0.935408, 0.128851, 0.329257) },
    -- WP125 (original name: 125)
    { name = "WP125", cframe = CFrame.new(-3156.848389, 159.813232, 1648.486206, 0.288897, 0.032600, 0.956805, 0.110228, 0.991641, -0.067069, -0.950993, 0.124843, 0.282889) },
    -- WP126 (original name: 126)
    { name = "WP126", cframe = CFrame.new(-3180.149414, 150.343704, 1731.044678, 0.245664, 0.032719, 0.968803, 0.108896, 0.992172, -0.061121, -0.963219, 0.120514, 0.240178) },
    -- WP127 (original name: 127)
    { name = "WP127", cframe = CFrame.new(-3199.979004, 140.955811, 1815.112305, 0.203365, 0.033356, 0.978535, 0.106629, 0.992721, -0.056000, -0.973279, 0.115728, 0.198328) },
    -- WP128 (original name: 128)
    { name = "WP128", cframe = CFrame.new(-3216.133545, 131.889633, 1899.052734, 0.165125, 0.031713, 0.985763, 0.103634, 0.993392, -0.049318, -0.980813, 0.110302, 0.160748) },
    -- WP129 (original name: 129)
    { name = "WP129", cframe = CFrame.new(-3228.518799, 123.473618, 1980.051514, 0.127748, 0.031794, 0.991297, 0.099731, 0.994008, -0.044733, -0.986780, 0.104578, 0.123811) },
    -- WP130 (original name: 130)
    { name = "WP130", cframe = CFrame.new(-3237.643555, 115.606369, 2059.434570, 0.092058, 0.034047, 0.995172, 0.094996, 0.994557, -0.042813, -0.991212, 0.098479, 0.088322) },
    -- WP131 (original name: 131)
    { name = "WP131", cframe = CFrame.new(-3243.710205, 108.403191, 2136.397949, 0.055791, 0.036529, 0.997774, 0.089104, 0.995161, -0.041416, -0.994458, 0.091216, 0.052266) },
    -- WP132 (original name: 132)
    { name = "WP132", cframe = CFrame.new(-3245.981445, 102.006599, 2210.259033, -0.024220, 0.068260, 0.997374, 0.079521, 0.994637, -0.066142, -0.996539, 0.077710, -0.029518) },
    -- WP133 (original name: 133)
    { name = "WP133", cframe = CFrame.new(-3238.896240, 96.563629, 2283.662598, -0.199192, 0.115994, 0.973071, 0.061741, 0.992483, -0.105669, -0.978014, 0.039030, -0.204857) },
    -- WP134 (original name: 134)
    { name = "WP134", cframe = CFrame.new(-3221.724365, 92.554482, 2352.593018, -0.332320, 0.068465, 0.940678, 0.047629, 0.997308, -0.055760, -0.941963, 0.026274, -0.334687) },
    -- WP135 (original name: 135)
    { name = "WP135", cframe = CFrame.new(-3194.836426, 89.428795, 2420.080811, -0.446375, 0.026050, 0.894467, 0.035370, 0.999309, -0.011452, -0.894146, 0.026525, -0.446988) },
    -- WP136 (original name: 136)
    { name = "WP136", cframe = CFrame.new(-3159.734375, 87.104797, 2484.204346, -0.537136, 0.015708, 0.843350, 0.025865, 0.999663, -0.002145, -0.843099, 0.020661, -0.537361) },
    -- WP137 (original name: 137)
    { name = "WP137", cframe = CFrame.new(-3116.970947, 85.362907, 2546.489502, -0.612899, 0.011749, 0.790074, 0.018582, 0.999827, -0.000454, -0.789943, 0.014403, -0.613011) },
    -- WP138 (original name: 138)
    { name = "WP138", cframe = CFrame.new(-3069.418457, 84.112015, 2604.292236, -0.671143, 0.009396, 0.741268, 0.013895, 0.999904, -0.000093, -0.741197, 0.010238, -0.671209) },
    -- WP139 (original name: 139)
    { name = "WP139", cframe = CFrame.new(-3018.470703, 83.168739, 2657.804443, -0.718508, 0.008107, 0.695472, 0.011259, 0.999937, -0.000024, -0.695428, 0.007813, -0.718553) },
    -- WP140 (original name: 140)
    { name = "WP140", cframe = CFrame.new(-2964.660889, 82.374878, 2707.679932, -0.758499, 0.007951, 0.651626, 0.010477, 0.999945, -0.000005, -0.651590, 0.006823, -0.758541) },
    -- WP141 (original name: 141)
    { name = "WP141", cframe = CFrame.new(-2908.455078, 81.594658, 2754.136719, -0.790739, 0.009082, 0.612086, 0.011483, 0.999934, -0.000001, -0.612046, 0.007028, -0.790791) },
    -- WP142 (original name: 142)
    { name = "WP142", cframe = CFrame.new(-2852.048340, 80.726212, 2796.217041, -0.818732, 0.011637, 0.574058, 0.014212, 0.999899, -0.000000, -0.574000, 0.008158, -0.818814) },
    -- WP143 (original name: 143)
    { name = "WP143", cframe = CFrame.new(-2794.843994, 79.638870, 2834.914551, -0.843447, 0.015873, 0.536978, 0.018815, 0.999823, -0.000000, -0.536883, 0.010103, -0.843596) },
    -- WP144 (original name: 144)
    { name = "WP144", cframe = CFrame.new(-2738.654053, 78.256432, 2869.489502, -0.865972, 0.022194, 0.499599, 0.025620, 0.999672, -0.000000, -0.499435, 0.012800, -0.866257) },
    -- WP145 (original name: 145)
    { name = "WP145", cframe = CFrame.new(-2684.354248, 76.509010, 2899.591064, -0.903597, 0.027582, 0.427495, 0.030511, 0.999534, -0.000000, -0.427296, 0.013043, -0.904018) },
    -- WP146 (original name: 146)
    { name = "WP146", cframe = CFrame.new(-2627.662598, 74.634071, 2923.233154, -0.957302, 0.028753, 0.287655, 0.030022, 0.999549, -0.000000, -0.287525, 0.008636, -0.957734) },
    -- WP147 (original name: 147)
    { name = "WP147", cframe = CFrame.new(-2569.452637, 72.846024, 2938.338135, -0.984847, 0.028461, 0.171077, 0.028887, 0.999583, -0.000000, -0.171006, 0.004942, -0.985258) },
    -- WP148 (original name: 148)
    { name = "WP148", cframe = CFrame.new(-2510.690918, 71.154472, 2946.599609, -0.997140, 0.027445, 0.070415, 0.027513, 0.999622, 0.000000, -0.070388, 0.001937, -0.997518) },
    -- WP149 (original name: 149)
    { name = "WP149", cframe = CFrame.new(-2452.360840, 69.571259, 2949.228516, -0.999651, 0.026253, -0.002800, 0.026253, 0.999655, -0.000000, 0.002799, -0.000074, -0.999996) },
    -- WP150 (original name: 150)
    { name = "WP150", cframe = CFrame.new(-2393.325195, 68.045227, 2947.796875, -0.997799, 0.024985, -0.061431, 0.025033, 0.999687, -0.000000, 0.061412, -0.001538, -0.998111) },
    -- WP151 (original name: 151)
    { name = "WP151", cframe = CFrame.new(-2334.664062, 66.592384, 2943.328857, -0.994410, 0.023847, -0.102864, 0.023974, 0.999713, -0.000000, 0.102835, -0.002466, -0.994695) },
    -- WP152 (original name: 152)
    { name = "WP152", cframe = CFrame.new(-2277.564941, 65.229347, 2936.936279, -0.991743, 0.022998, -0.126161, 0.023184, 0.999731, -0.000000, 0.126127, -0.002925, -0.992010) },
    -- WP153 (original name: 153)
    { name = "WP153", cframe = CFrame.new(-2221.096680, 63.920143, 2929.507568, -0.990412, 0.022360, -0.136322, 0.022571, 0.999745, 0.000000, 0.136287, -0.003077, -0.990665) },
    -- WP154 (original name: 154)
    { name = "WP154", cframe = CFrame.new(-2165.430420, 62.659451, 2921.832275, -0.990795, 0.021946, -0.133584, 0.022145, 0.999755, -0.000000, 0.133551, -0.002958, -0.991038) },
    -- WP155 (original name: 155)
    { name = "WP155", cframe = CFrame.new(-2111.700195, 61.463623, 2914.762695, -0.992692, 0.021735, -0.118703, 0.021890, 0.999761, -0.000000, 0.118675, -0.002598, -0.992930) },
    -- WP156 (original name: 156)
    { name = "WP156", cframe = CFrame.new(-2060.311768, 60.333244, 2908.934814, -0.995419, 0.021690, -0.093115, 0.021784, 0.999763, -0.000000, 0.093093, -0.002028, -0.995655) },
    -- WP157 (original name: 157)
    { name = "WP157", cframe = CFrame.new(-2011.015137, 59.255531, 2904.767822, -0.998123, 0.021754, -0.057249, 0.021789, 0.999763, -0.000000, 0.057236, -0.001247, -0.998360) },
    -- WP158 (original name: 158)
    { name = "WP158", cframe = CFrame.new(-1962.463623, 58.195393, 2902.535156, -0.999731, 0.021882, -0.007629, 0.021882, 0.999761, -0.000000, 0.007627, -0.000167, -0.999971) },
    -- WP159 (original name: 159)
    { name = "WP159", cframe = CFrame.new(-1915.632812, 57.173717, 2902.572754, -0.999747, 0.020745, 0.008702, 0.020746, 0.999785, -0.000000, -0.008700, 0.000181, -0.999962) },
    -- WP160 (original name: 160)
    { name = "WP160", cframe = CFrame.new(-1869.685547, 56.231987, 2902.973877, -0.999780, 0.019239, 0.008354, 0.019240, 0.999815, -0.000000, -0.008353, 0.000161, -0.999965) },
    -- WP161 (original name: 161)
    { name = "WP161", cframe = CFrame.new(-1825.882812, 55.396824, 2903.336670, -0.999809, 0.017937, 0.007761, 0.017937, 0.999839, -0.000000, -0.007759, 0.000139, -0.999970) },
    -- WP162 (original name: 162)
    { name = "WP162", cframe = CFrame.new(-1782.736694, 54.629066, 2903.668457, -0.999833, 0.016784, 0.007190, 0.016784, 0.999859, 0.000000, -0.007189, 0.000121, -0.999974) },
    -- WP163 (original name: 163)
    { name = "WP163", cframe = CFrame.new(-1741.222656, 53.936699, 2903.964600, -0.999854, 0.015769, 0.006645, 0.015770, 0.999876, -0.000000, -0.006644, 0.000105, -0.999978) },
    -- WP164 (original name: 164)
    { name = "WP164", cframe = CFrame.new(-1701.212646, 53.308674, 2904.228516, -0.999870, 0.014891, 0.006127, 0.014891, 0.999889, 0.000000, -0.006126, 0.000091, -0.999981) },
    -- WP165 (original name: 165)
    { name = "WP165", cframe = CFrame.new(-1662.869507, 52.739578, 2904.462402, -0.999884, 0.014147, 0.005642, 0.014147, 0.999900, -0.000000, -0.005642, 0.000080, -0.999984) },
    -- WP166 (original name: 166)
    { name = "WP166", cframe = CFrame.new(-1625.488037, 52.212204, 2904.672363, -0.999895, 0.013505, 0.005178, 0.013506, 0.999909, -0.000000, -0.005177, 0.000070, -0.999987) },
    -- WP167 (original name: 167)
    { name = "WP167", cframe = CFrame.new(-1589.526978, 51.727196, 2904.858154, -0.999905, 0.012952, 0.004725, 0.012952, 0.999916, -0.000000, -0.004724, 0.000061, -0.999989) },
    -- WP168 (original name: 168)
    { name = "WP168", cframe = CFrame.new(-1555.260986, 51.283592, 2905.019531, -0.999912, 0.012514, 0.004314, 0.012514, 0.999922, -0.000000, -0.004313, 0.000054, -0.999991) },
    -- WP169 (original name: 169)
    { name = "WP169", cframe = CFrame.new(-1521.914673, 50.866135, 2905.163818, -0.999919, 0.012135, 0.003899, 0.012135, 0.999926, -0.000000, -0.003899, 0.000047, -0.999992) },
    -- WP170 (original name: 170)
    { name = "WP170", cframe = CFrame.new(-1490.698486, 50.483158, 2905.293945, -0.999932, 0.011400, 0.002558, 0.011400, 0.999935, -0.000000, -0.002558, 0.000029, -0.999997) },
    -- WP171 (original name: 171)
    { name = "WP171", cframe = CFrame.new(-1460.875122, 50.140144, 2905.374023, -0.999945, 0.010428, 0.000952, 0.010428, 0.999946, -0.000000, -0.000952, 0.000010, -1.000000) },
    -- WP172 (original name: 172)
    { name = "WP172", cframe = CFrame.new(-1432.518555, 49.841927, 2905.403809, -0.999954, 0.009547, -0.000189, 0.009547, 0.999954, -0.000000, 0.000189, -0.000002, -1.000000) },
    -- WP173 (original name: 173)
    { name = "WP173", cframe = CFrame.new(-1405.411621, 49.578545, 2905.401855, -0.999962, 0.008589, -0.001103, 0.008589, 0.999963, -0.000000, 0.001103, -0.000009, -0.999999) },
    -- WP174 (original name: 174)
    { name = "WP174", cframe = CFrame.new(-1380.264038, 49.356400, 2905.377197, -0.999969, 0.007737, -0.001617, 0.007737, 0.999970, -0.000000, 0.001617, -0.000013, -0.999999) },
    -- WP175 (original name: 175)
    { name = "WP175", cframe = CFrame.new(-1356.797852, 49.169167, 2905.340088, -0.999974, 0.007011, -0.001830, 0.007011, 0.999975, -0.000000, 0.001830, -0.000013, -0.999998) },
    -- WP176 (original name: 176)
    { name = "WP176", cframe = CFrame.new(-1334.248047, 49.005684, 2905.298828, -0.999978, 0.006301, -0.001835, 0.006301, 0.999980, -0.000000, 0.001835, -0.000012, -0.999998) },
    -- WP177 (original name: 177)
    { name = "WP177", cframe = CFrame.new(-1313.296143, 48.866905, 2905.258301, -0.999983, 0.005576, -0.001639, 0.005576, 0.999984, -0.000000, 0.001639, -0.000009, -0.999999) },
    -- WP178 (original name: 178)
    { name = "WP178", cframe = CFrame.new(-1294.171387, 48.753487, 2905.222900, -0.999987, 0.004955, -0.001303, 0.004955, 0.999988, -0.000000, 0.001303, -0.000006, -0.999999) },
    -- WP179 (original name: 179)
    { name = "WP179", cframe = CFrame.new(-1276.625488, 48.660110, 2905.194824, -0.999990, 0.004402, -0.000872, 0.004402, 0.999990, -0.000000, 0.000872, -0.000004, -1.000000) },
    -- WP180 (original name: 180)
    { name = "WP180", cframe = CFrame.new(-1260.573486, 48.582619, 2905.173584, -0.999992, 0.003868, -0.000339, 0.003868, 0.999992, -0.000000, 0.000339, -0.000001, -1.000000) },
    -- WP181 (original name: 181)
    { name = "WP181", cframe = CFrame.new(-1246.112549, 48.520962, 2905.161865, -0.999994, 0.003433, 0.000180, 0.003433, 0.999994, -0.000000, -0.000180, 0.000001, -1.000000) },
    -- WP182 (original name: 182)
    { name = "WP182", cframe = CFrame.new(-1232.936523, 48.468719, 2905.154541, -0.999995, 0.002959, 0.000834, 0.002959, 0.999996, 0.000000, -0.000834, 0.000002, -1.000000) },
    -- WP183 (original name: 183)
    { name = "WP183", cframe = CFrame.new(-1221.472290, 48.428734, 2905.154541, -0.999996, 0.002588, 0.001411, 0.002588, 0.999997, -0.000000, -0.001411, 0.000004, -0.999999) },
    -- WP184 (original name: 184)
    { name = "WP184", cframe = CFrame.new(-1211.481934, 48.397324, 2905.159424, -0.999995, 0.002266, 0.001957, 0.002266, 0.999997, -0.000000, -0.001957, 0.000004, -0.999998) },
    -- WP185 (original name: 185)
    { name = "WP185", cframe = CFrame.new(-1203.122559, 48.373390, 2905.166748, -0.999995, 0.001993, 0.002454, 0.001993, 0.999998, -0.000000, -0.002454, 0.000005, -0.999997) },
    -- WP186 (original name: 186)
    { name = "WP186", cframe = CFrame.new(-1196.301636, 48.355560, 2905.175049, -0.999994, 0.001773, 0.002877, 0.001773, 0.999999, 0.000000, -0.002877, 0.000005, -0.999996) },
    -- WP187 (original name: 187)
    { name = "WP187", cframe = CFrame.new(-1191.070312, 48.342892, 2905.183594, -0.999994, 0.001605, 0.003215, 0.001605, 0.999999, -0.000000, -0.003215, 0.000005, -0.999995) },
    -- WP188 (original name: 188)
    { name = "WP188", cframe = CFrame.new(-1187.332397, 48.334179, 2905.189941, -0.999993, 0.001476, 0.003480, 0.001476, 0.999999, -0.000000, -0.003480, 0.000005, -0.999994) },
    -- WP189 (original name: 189)
    { name = "WP189", cframe = CFrame.new(-1185.250488, 48.329403, 2905.193604, -0.999992, 0.001400, 0.003641, 0.001400, 0.999999, -0.000000, -0.003641, 0.000005, -0.999993) },
    -- WP190 (original name: 190)
    { name = "WP190", cframe = CFrame.new(-1184.717407, 48.328053, 2905.194336, -0.999992, 0.001374, 0.003696, 0.001374, 0.999999, -0.000000, -0.003696, 0.000005, -0.999993) },
    -- WP191 (original name: 191)
    { name = "WP191", cframe = CFrame.new(-1184.717407, 48.328053, 2905.194336, -0.999992, 0.001374, 0.003696, 0.001374, 0.999999, -0.000000, -0.003696, 0.000005, -0.999993) },
    -- WP192 (original name: 192)
